day	month	year	AccumulationFinal
1	1	2013	0.0
1	1	2014	0.0
1	1	2016	0.0
1	2	2013	1.2000000000000002
1	2	2014	0.2
1	2	2016	0.6000000000000001
1	3	2013	0.0
1	3	2014	0.0
1	3	2016	165.6
1	4	2014	0.4
1	4	2015	0.0
1	4	2016	0.0
1	5	2013	0.0
1	5	2014	2.0
1	5	2015	0.0
1	5	2016	3.600000000000001
1	6	2010	3.0000000000000004
1	6	2013	0.2
1	6	2014	0.0
1	6	2015	0.0
1	7	2010	0.0
1	7	2013	0.0
1	7	2014	0.8
1	7	2015	0.4
1	8	2013	19.799999999999997
1	8	2015	0.6000000000000001
1	9	2013	2.0
1	9	2015	0.0
1	10	2012	0.0
1	10	2013	0.0
1	10	2015	0.0
1	11	2012	0.8
1	11	2013	9.400000000000002
1	11	2015	7.600000000000001
1	12	2012	0.6000000000000001
1	12	2013	0.2
1	12	2015	2.2
2	1	2013	0.0
2	1	2014	19.8
2	1	2016	1.0
2	2	2013	397.40000000000003
2	2	2014	0.0
2	2	2016	27.199999999999992
2	3	2013	0.0
2	3	2014	0.0
2	3	2016	0.0
2	4	2014	0.6
2	4	2015	68.00000000000001
2	4	2016	0.4
2	5	2013	0.0
2	5	2014	3.4000000000000004
2	5	2015	0.0
2	5	2016	0.6000000000000001
2	6	2010	8.8
2	6	2013	14.4
2	6	2014	8.4
2	6	2015	0.0
2	7	2010	0.0
2	7	2013	0.0
2	7	2014	0.6000000000000001
2	7	2015	0.0
2	8	2013	7.3999999999999995
2	8	2015	16.999999999999996
2	9	2013	0.2
2	9	2015	2.8000000000000003
2	10	2012	0.0
2	10	2013	0.0
2	10	2015	1.0
2	11	2012	0.0
2	11	2013	1.9999999999999998
2	11	2015	0.0
2	12	2012	16.39999999999999
2	12	2013	0.0
2	12	2015	0.0
3	1	2013	92.00000000000001
3	1	2014	0.0
3	1	2016	2.2
3	2	2013	0.4
3	2	2014	0.0
3	2	2016	108.4
3	3	2013	0.0
3	3	2014	0.0
3	3	2016	0.2
3	4	2014	302.2
3	4	2015	7.600000000000002
3	4	2016	0.2
3	5	2013	0.0
3	5	2014	2.4
3	5	2015	0.0
3	5	2016	0.0
3	6	2010	15.200000000000001
3	6	2013	0.0
3	6	2014	13.799999999999997
3	6	2015	0.0
3	7	2010	0.0
3	7	2013	15.399999999999999
3	7	2014	2.2
3	7	2015	0.0
3	8	2013	0.0
3	8	2015	2.8000000000000007
3	9	2013	0.2
3	9	2015	9.999999999999998
3	10	2012	0.4
3	10	2013	4.0
3	10	2015	60.20000000000002
3	11	2012	0.0
3	11	2013	0.0
3	11	2015	0.0
3	12	2012	0.0
3	12	2013	0.0
3	12	2015	0.6000000000000001
4	1	2013	6347.2
4	1	2014	1018.3999999999999
4	1	2016	0.0
4	2	2013	0.0
4	2	2014	0.0
4	2	2016	0.2
4	3	2013	0.2
4	3	2014	0.0
4	3	2016	0.0
4	4	2014	1086.6000000000004
4	4	2015	0.8
4	4	2016	0.0
4	5	2013	0.0
4	5	2014	0.0
4	5	2015	0.4
4	5	2016	0.0
4	6	2010	3.6000000000000005
4	6	2013	0.0
4	6	2014	0.0
4	6	2015	0.0
4	7	2010	0.0
4	7	2013	1.7999999999999998
4	7	2014	0.0
4	7	2015	0.0
4	8	2013	0.0
4	8	2015	1.0
4	9	2013	0.0
4	9	2015	0.0
4	10	2012	0.6000000000000001
4	10	2013	12.799999999999997
4	10	2015	0.2
4	11	2012	0.0
4	11	2013	0.0
4	11	2015	0.0
4	12	2012	7.000000000000002
4	12	2013	3.0
4	12	2015	9.8
5	1	2013	30.4
5	1	2014	0.6000000000000001
5	1	2016	0.0
5	2	2013	0.0
5	2	2014	38.800000000000004
5	2	2016	0.0
5	3	2013	1922.2
5	3	2014	0.0
5	3	2016	0.4
5	4	2014	1219.4
5	4	2015	3.600000000000001
5	4	2016	3.0000000000000004
5	5	2013	0.0
5	5	2014	0.0
5	5	2015	0.0
5	5	2016	0.0
5	6	2010	7.200000000000001
5	6	2013	0.0
5	6	2014	0.0
5	6	2015	2.0
5	7	2010	16.4
5	7	2013	15.2
5	7	2014	0.0
5	7	2015	0.0
5	8	2013	0.0
5	8	2015	0.0
5	9	2013	0.0
5	9	2015	0.0
5	10	2012	5.0
5	10	2013	0.2
5	10	2015	1.4000000000000001
5	11	2012	0.0
5	11	2013	0.0
5	11	2015	0.0
5	12	2012	0.0
5	12	2013	0.0
5	12	2015	0.0
6	1	2013	0.8
6	1	2014	1145.6000000000001
6	1	2016	0.0
6	2	2013	0.0
6	2	2014	55.0
6	2	2016	0.0
6	3	2013	126.6
6	3	2014	378.4
6	3	2016	0.0
6	4	2014	0.0
6	4	2015	0.4
6	4	2016	9.0
6	5	2013	0.0
6	5	2014	0.0
6	5	2015	0.0
6	5	2016	0.0
6	6	2010	25.999999999999996
6	6	2013	4.400000000000001
6	6	2014	0.0
6	6	2015	0.0
6	7	2010	0.0
6	7	2013	0.0
6	7	2014	335.99999999999994
6	7	2015	0.0
6	8	2013	0.0
6	8	2015	0.0
6	9	2013	0.0
6	9	2015	0.0
6	10	2012	1.4
6	10	2013	10.599999999999998
6	10	2015	0.4
6	11	2012	0.0
6	11	2013	14.799999999999997
6	11	2015	23.0
6	12	2012	0.0
6	12	2013	0.0
6	12	2015	0.0
7	1	2013	0.2
7	1	2014	5236.599999999999
7	1	2016	0.0
7	2	2013	461.20000000000005
7	2	2014	190.20000000000002
7	2	2016	0.0
7	3	2013	2.2
7	3	2014	0.0
7	3	2016	14.4
7	4	2014	11.199999999999998
7	4	2015	57.199999999999996
7	4	2016	8.200000000000001
7	5	2013	0.0
7	5	2014	0.0
7	5	2015	0.0
7	5	2016	0.0
7	6	2010	0.0
7	6	2013	0.0
7	6	2014	0.0
7	6	2015	1.5999999999999999
7	7	2010	0.0
7	7	2013	12.799999999999999
7	7	2014	201.60000000000002
7	7	2015	58.8
7	8	2013	5.2
7	8	2015	0.0
7	9	2013	16.599999999999998
7	9	2015	0.0
7	10	2012	0.2
7	10	2013	17.799999999999994
7	10	2015	0.0
7	11	2012	0.0
7	11	2013	0.4
7	11	2015	0.8
7	12	2012	0.2
7	12	2013	0.0
7	12	2015	0.0
8	1	2013	24.000000000000004
8	1	2014	28.0
8	1	2016	2.4
8	2	2013	78.4
8	2	2014	0.0
8	2	2016	0.2
8	3	2013	0.2
8	3	2014	0.0
8	3	2016	0.0
8	4	2014	5.600000000000001
8	4	2015	37.200000000000024
8	4	2016	0.0
8	5	2013	0.4
8	5	2014	0.6000000000000001
8	5	2015	0.0
8	5	2016	0.0
8	6	2010	0.0
8	6	2013	0.0
8	6	2014	8.0
8	6	2015	89.60000000000004
8	7	2010	0.0
8	7	2013	1.5999999999999999
8	7	2015	0.0
8	8	2013	0.0
8	8	2015	0.0
8	9	2013	0.0
8	9	2015	5.799999999999999
8	10	2012	0.2
8	10	2013	0.2
8	10	2015	5.6000000000000005
8	11	2012	0.0
8	11	2013	0.6000000000000001
8	11	2015	0.0
8	12	2012	1.5999999999999999
8	12	2013	0.0
8	12	2015	0.0
9	1	2013	577.2000000000002
9	1	2014	0.0
9	1	2016	2.6000000000000005
9	2	2013	1.5999999999999999
9	2	2014	0.0
9	2	2016	1.0
9	3	2013	0.0
9	3	2014	629.0
9	3	2016	0.0
9	4	2014	0.0
9	4	2015	23.200000000000003
9	4	2016	0.0
9	5	2013	0.2
9	5	2014	0.2
9	5	2015	2.0
9	5	2016	0.0
9	6	2010	17.999999999999996
9	6	2013	0.0
9	6	2014	0.0
9	6	2015	5.200000000000002
9	7	2010	15.599999999999996
9	7	2013	0.6000000000000001
9	7	2015	0.0
9	8	2013	0.0
9	8	2015	0.0
9	9	2013	0.0
9	9	2015	1.4
9	10	2012	0.0
9	10	2013	0.0
9	10	2015	3.0000000000000004
9	11	2012	0.4
9	11	2013	0.6000000000000001
9	11	2015	0.0
9	12	2012	20.999999999999996
9	12	2013	571.6000000000001
9	12	2015	0.8
10	1	2013	0.0
10	1	2014	4.600000000000001
10	1	2016	15.000000000000002
10	2	2013	17.400000000000002
10	2	2014	0.0
10	2	2016	0.2
10	3	2013	0.0
10	3	2014	498.2000000000001
10	3	2016	3.0
10	4	2014	34.800000000000004
10	4	2015	60.4
10	4	2016	0.2
10	5	2013	9.600000000000001
10	5	2014	0.0
10	5	2015	0.4
10	5	2016	0.6
10	6	2010	0.2
10	6	2013	24.399999999999984
10	6	2014	0.0
10	6	2015	6.8
10	7	2010	0.0
10	7	2013	0.8
10	7	2015	0.0
10	8	2013	0.0
10	8	2015	20.799999999999997
10	9	2013	0.0
10	9	2015	0.0
10	10	2012	3.8000000000000007
10	10	2013	0.0
10	10	2015	0.0
10	11	2012	0.2
10	11	2013	2.4000000000000004
10	11	2015	8.200000000000003
10	12	2012	2.4
10	12	2013	241.19999999999996
10	12	2015	0.2
11	1	2013	5.800000000000001
11	1	2014	84.99999999999999
11	1	2016	216.99999999999997
11	2	2013	4412.5999999999985
11	2	2014	0.0
11	2	2016	0.0
11	3	2013	16.0
11	3	2014	0.6
11	3	2016	0.0
11	4	2014	2.4
11	4	2015	0.0
11	4	2016	11.6
11	5	2013	0.8
11	5	2014	0.0
11	5	2015	13.199999999999998
11	5	2016	0.0
11	6	2010	0.0
11	6	2013	3.8000000000000003
11	6	2014	3.8
11	6	2015	0.0
11	7	2010	54.4
11	7	2013	0.0
11	7	2015	0.0
11	8	2013	0.0
11	8	2015	0.0
11	9	2013	15.2
11	9	2015	7.8
11	10	2012	12.999999999999996
11	10	2013	0.0
11	10	2015	4.0
11	11	2012	1.0
11	11	2013	2.6
11	11	2015	0.8
11	12	2012	0.0
11	12	2013	267.2
11	12	2015	80.6
12	1	2013	0.2
12	1	2014	185.00000000000006
12	1	2016	180.19999999999996
12	2	2013	1674.7999999999997
12	2	2014	0.0
12	2	2016	75.2
12	3	2013	13.0
12	3	2014	1428.2
12	3	2016	0.2
12	4	2014	4.200000000000001
12	4	2015	0.0
12	4	2016	0.2
12	5	2013	2.4000000000000004
12	5	2014	0.0
12	5	2015	6.000000000000001
12	5	2016	2.2
12	6	2010	8.399999999999999
12	6	2013	0.0
12	6	2014	0.6000000000000001
12	6	2015	20.000000000000004
12	7	2010	1.0
12	7	2013	0.0
12	7	2015	0.0
12	8	2013	0.0
12	8	2015	0.0
12	9	2013	0.8
12	9	2015	2.8000000000000007
12	10	2012	0.2
12	10	2013	0.0
12	10	2015	0.0
12	11	2012	11.999999999999995
12	11	2013	0.2
12	11	2015	62.599999999999994
12	12	2012	0.4
12	12	2013	811.5999999999999
12	12	2015	0.0
13	1	2013	21.999999999999993
13	1	2014	13.399999999999997
13	1	2016	112.4
13	2	2013	0.0
13	2	2014	0.0
13	2	2016	0.0
13	3	2013	18.999999999999996
13	3	2014	60.400000000000006
13	3	2016	0.0
13	4	2014	5.200000000000001
13	4	2015	22.799999999999997
13	4	2016	0.0
13	5	2013	0.0
13	5	2014	18.199999999999996
13	5	2015	0.0
13	5	2016	8.600000000000001
13	6	2010	0.0
13	6	2013	4.000000000000001
13	6	2014	0.2
13	6	2015	0.0
13	7	2010	0.0
13	7	2013	0.0
13	7	2015	1.0
13	8	2013	0.0
13	8	2015	0.0
13	9	2013	0.0
13	9	2015	0.0
13	10	2012	8.8
13	10	2013	7.8
13	10	2015	5.000000000000001
13	11	2012	0.0
13	11	2013	5.6
13	11	2015	13.199999999999998
13	12	2012	0.0
13	12	2013	97.6
13	12	2015	0.6000000000000001
14	1	2013	2.4000000000000004
14	1	2014	0.0
14	1	2016	0.0
14	2	2013	0.4
14	2	2014	26.0
14	2	2016	0.0
14	3	2013	0.0
14	3	2014	5393.4
14	3	2016	7.000000000000002
14	4	2014	7.000000000000002
14	4	2015	0.0
14	4	2016	0.0
14	5	2013	0.0
14	5	2014	12.0
14	5	2015	0.0
14	5	2016	5.400000000000002
14	6	2010	0.0
14	6	2013	0.0
14	6	2014	0.0
14	6	2015	28.400000000000006
14	7	2010	0.0
14	7	2013	0.0
14	7	2015	15.8
14	8	2013	0.0
14	8	2015	70.80000000000001
14	9	2013	0.0
14	9	2015	0.0
14	10	2012	15.599999999999998
14	10	2013	0.2
14	10	2015	0.4
14	11	2012	0.0
14	11	2013	25.400000000000002
14	11	2015	0.2
14	12	2012	0.0
14	12	2013	406.8
14	12	2015	8.799999999999999
15	1	2013	0.0
15	1	2014	504.5999999999999
15	1	2016	5.3999999999999995
15	2	2013	813.0
15	2	2014	0.0
15	2	2016	0.0
15	3	2013	85.80000000000001
15	3	2014	552.8000000000001
15	3	2016	10.600000000000001
15	4	2014	3.0000000000000004
15	4	2015	0.0
15	4	2016	0.0
15	5	2013	1.0
15	5	2014	8.800000000000002
15	5	2015	0.0
15	5	2016	1.0
15	6	2010	0.0
15	6	2013	0.0
15	6	2014	0.0
15	6	2015	1.9999999999999998
15	7	2010	15.999999999999995
15	7	2013	0.0
15	7	2015	0.0
15	8	2013	0.0
15	8	2015	0.0
15	9	2013	0.8
15	9	2015	0.0
15	10	2012	2.1999999999999997
15	10	2013	0.0
15	10	2015	16.4
15	11	2012	0.0
15	11	2013	0.0
15	11	2015	0.0
15	12	2012	4.6
15	12	2013	286.20000000000005
15	12	2015	4.800000000000001
16	1	2013	0.0
16	1	2014	0.0
16	1	2016	1.5999999999999999
16	2	2013	0.2
16	2	2014	0.0
16	2	2016	0.2
16	3	2013	0.0
16	3	2014	0.0
16	3	2015	27775.600000000006
16	3	2016	7.200000000000001
16	4	2014	1.7999999999999998
16	4	2015	1.2
16	4	2016	0.0
16	5	2013	0.0
16	5	2014	0.0
16	5	2015	0.0
16	5	2016	0.0
16	6	2010	61.4
16	6	2013	12.2
16	6	2014	0.0
16	6	2015	5.600000000000001
16	7	2010	2.2
16	7	2013	0.0
16	7	2015	0.0
16	8	2013	0.0
16	8	2015	0.0
16	9	2013	0.2
16	9	2015	0.0
16	10	2012	0.2
16	10	2013	4.800000000000001
16	10	2015	1.0
16	11	2012	0.0
16	11	2013	0.0
16	11	2015	0.0
16	12	2012	5.000000000000002
16	12	2013	10.8
16	12	2015	0.8
17	1	2013	0.0
17	1	2014	23.4
17	1	2016	38.2
17	2	2013	0.0
17	2	2014	166.0
17	2	2016	0.2
17	3	2013	0.0
17	3	2014	0.0
17	3	2015	42.0
17	3	2016	2.2
17	4	2014	0.0
17	4	2015	1.2
17	4	2016	0.0
17	5	2013	0.0
17	5	2014	0.0
17	5	2015	0.0
17	6	2010	0.0
17	6	2013	0.0
17	6	2014	51.20000000000001
17	6	2015	0.0
17	7	2010	39.0
17	7	2013	0.0
17	7	2015	10.000000000000002
17	8	2013	0.0
17	8	2015	0.0
17	9	2013	0.0
17	9	2015	0.0
17	10	2012	2.4000000000000004
17	10	2013	7.6000000000000005
17	10	2015	0.0
17	11	2012	0.0
17	11	2013	12.399999999999999
17	11	2015	1.6
17	12	2012	0.2
17	12	2013	0.0
17	12	2015	0.4
18	1	2013	104.20000000000002
18	1	2014	0.0
18	1	2016	407.59999999999997
18	2	2013	0.0
18	2	2014	569.6
18	2	2016	0.0
18	3	2014	111.60000000000001
18	3	2015	0.0
18	3	2016	0.2
18	4	2013	84.0
18	4	2014	0.0
18	4	2015	0.0
18	4	2016	0.0
18	5	2013	0.0
18	5	2014	0.0
18	5	2015	0.0
18	6	2010	0.0
18	6	2013	0.0
18	6	2014	1.4
18	6	2015	0.0
18	7	2010	1.0
18	7	2013	0.0
18	7	2015	0.0
18	8	2013	0.0
18	8	2015	0.0
18	9	2013	0.0
18	9	2015	0.0
18	10	2012	0.4
18	10	2013	0.2
18	10	2015	0.0
18	11	2012	0.0
18	11	2013	67.79999999999998
18	11	2015	2.2
18	12	2012	0.0
18	12	2013	24.400000000000002
18	12	2015	0.4
19	1	2013	520.8000000000002
19	1	2014	4768.199999999999
19	1	2016	20.2
19	2	2013	112.39999999999999
19	2	2014	4.200000000000001
19	2	2016	51.0
19	3	2014	133.0
19	3	2015	0.0
19	3	2016	0.0
19	4	2013	3.0
19	4	2014	0.0
19	4	2015	12.399999999999999
19	4	2016	0.0
19	5	2013	0.0
19	5	2014	0.0
19	5	2015	0.0
19	6	2010	3.6
19	6	2013	0.0
19	6	2014	0.2
19	6	2015	0.0
19	7	2010	2.2
19	7	2013	16.599999999999998
19	7	2015	3.2
19	8	2013	0.0
19	8	2015	4.4
19	9	2013	0.0
19	9	2015	9.200000000000001
19	10	2012	3.400000000000001
19	10	2013	7.400000000000001
19	10	2015	2.6
19	11	2012	0.2
19	11	2013	0.0
19	11	2015	61.6
19	12	2012	0.0
19	12	2013	2.2
19	12	2015	10.799999999999999
20	1	2013	13.799999999999999
20	1	2014	20.6
20	1	2016	0.0
20	2	2013	72.4
20	2	2014	20.4
20	2	2016	158.79999999999998
20	3	2014	750.2
20	3	2015	0.0
20	3	2016	0.0
20	4	2013	0.2
20	4	2014	0.0
20	4	2015	37.6
20	4	2016	0.0
20	5	2013	7.8
20	5	2014	6.200000000000001
20	5	2015	0.0
20	6	2010	0.0
20	6	2013	0.0
20	6	2014	0.0
20	6	2015	0.0
20	7	2010	0.0
20	7	2013	15.6
20	7	2015	0.0
20	8	2013	0.0
20	8	2015	10.2
20	9	2013	6.200000000000001
20	9	2015	0.0
20	10	2012	6.000000000000002
20	10	2013	0.0
20	10	2015	1.5999999999999999
20	11	2012	0.0
20	11	2013	0.2
20	11	2015	25.8
20	12	2012	119.00000000000006
20	12	2013	6.000000000000002
20	12	2015	0.0
21	1	2013	9.0
21	1	2014	0.0
21	1	2016	0.0
21	2	2013	8.6
21	2	2014	6515.999999999999
21	2	2016	0.0
21	3	2014	0.0
21	3	2015	33.6
21	3	2016	0.0
21	4	2013	0.0
21	4	2014	0.0
21	4	2015	11.599999999999994
21	4	2016	3.6
21	5	2013	1.2
21	5	2014	0.0
21	5	2015	0.0
21	6	2010	0.0
21	6	2013	0.0
21	6	2014	0.0
21	6	2015	1.5999999999999999
21	7	2010	9.0
21	7	2013	0.0
21	7	2015	0.0
21	8	2013	0.0
21	8	2015	0.0
21	9	2013	34.199999999999996
21	9	2015	0.0
21	10	2012	0.2
21	10	2013	11.999999999999998
21	10	2015	1.0
21	11	2012	0.0
21	11	2013	1.6
21	11	2015	1.5999999999999999
21	12	2012	1.9999999999999998
21	12	2013	12.999999999999993
21	12	2015	11.799999999999995
22	1	2013	639.4
22	1	2014	0.0
22	1	2016	0.2
22	2	2013	3160.0
22	2	2014	8493.4
22	2	2016	0.0
22	3	2014	28.400000000000002
22	3	2015	0.0
22	3	2016	1.9999999999999998
22	4	2013	0.0
22	4	2014	5.200000000000001
22	4	2015	0.8
22	4	2016	0.8
22	5	2013	0.2
22	5	2014	1.2
22	5	2015	0.0
22	6	2010	11.799999999999999
22	6	2013	13.399999999999999
22	6	2014	0.0
22	6	2015	7.200000000000001
22	7	2010	2.4000000000000004
22	7	2013	0.0
22	7	2015	0.0
22	8	2013	0.0
22	8	2015	0.0
22	9	2013	0.0
22	9	2015	0.0
22	10	2012	3.8
22	10	2013	1.2000000000000002
22	10	2015	0.0
22	11	2012	0.2
22	11	2013	5.600000000000001
22	11	2015	0.6000000000000001
22	12	2012	0.2
22	12	2013	5.000000000000001
22	12	2015	2.0
23	1	2013	1.2
23	1	2014	0.0
23	1	2016	0.6
23	2	2013	1.6
23	2	2014	519.8000000000001
23	2	2016	0.0
23	3	2014	0.0
23	3	2015	0.0
23	3	2016	4.200000000000001
23	4	2013	0.0
23	4	2014	0.0
23	4	2015	0.0
23	4	2016	0.0
23	5	2013	0.2
23	5	2014	0.0
23	5	2015	0.0
23	6	2010	68.2
23	6	2013	0.2
23	6	2014	3.2
23	6	2015	8.0
23	7	2010	57.8
23	7	2013	0.0
23	7	2015	0.0
23	8	2013	0.0
23	8	2015	0.0
23	9	2013	0.2
23	9	2015	0.0
23	10	2012	22.799999999999976
23	10	2013	0.2
23	10	2015	0.0
23	11	2012	19.000000000000004
23	11	2013	0.2
23	11	2015	0.6000000000000001
23	12	2012	0.0
23	12	2013	0.0
23	12	2015	0.4
24	1	2013	0.0
24	1	2014	8566.800000000001
24	1	2016	0.0
24	2	2013	2.6
24	2	2014	136.6
24	2	2016	18.59999999999999
24	3	2014	0.0
24	3	2015	0.0
24	3	2016	3.400000000000001
24	4	2013	9.0
24	4	2014	0.0
24	4	2015	0.0
24	4	2016	0.0
24	5	2013	1.5999999999999999
24	5	2014	0.0
24	5	2015	0.0
24	6	2010	2.4000000000000004
24	6	2013	0.0
24	6	2014	10.0
24	6	2015	0.0
24	7	2010	18.599999999999998
24	7	2013	0.0
24	7	2015	0.0
24	8	2013	0.0
24	8	2015	7.800000000000001
24	9	2013	0.0
24	9	2015	0.0
24	10	2012	0.4
24	10	2013	1.7999999999999998
24	10	2015	12.000000000000002
24	11	2012	0.0
24	11	2013	0.0
24	11	2015	5.000000000000001
24	12	2012	0.0
24	12	2013	0.0
24	12	2015	61.400000000000006
25	1	2013	0.0
25	1	2014	995.5999999999999
25	1	2016	0.4
25	2	2013	0.0
25	2	2014	57.800000000000004
25	2	2016	1.2
25	3	2014	504.60000000000014
25	3	2015	6.800000000000001
25	3	2016	7.000000000000002
25	4	2013	2.2
25	4	2014	6.8
25	4	2015	0.0
25	4	2016	2.6000000000000005
25	5	2013	1.0
25	5	2014	0.0
25	5	2015	12.0
25	6	2010	0.0
25	6	2013	2.0
25	6	2014	0.2
25	6	2015	0.0
25	7	2010	0.2
25	7	2013	0.0
25	7	2015	0.0
25	8	2013	0.0
25	8	2015	0.2
25	9	2013	0.0
25	9	2015	0.0
25	10	2012	0.0
25	10	2013	0.2
25	10	2015	0.0
25	11	2012	0.0
25	11	2013	11.2
25	11	2015	0.6000000000000001
25	12	2012	0.0
25	12	2013	0.0
25	12	2015	0.0
26	1	2013	0.0
26	1	2014	1.2
26	1	2016	835.4000000000001
26	2	2013	2351.7999999999997
26	2	2014	691.5999999999999
26	2	2016	0.0
26	3	2014	0.0
26	3	2015	0.0
26	3	2016	14.6
26	4	2013	0.0
26	4	2014	0.4
26	4	2015	0.0
26	4	2016	8.8
26	5	2010	0.0
26	5	2013	0.0
26	5	2014	0.0
26	5	2015	0.0
26	6	2010	8.399999999999999
26	6	2013	0.6000000000000001
26	6	2014	0.2
26	6	2015	0.0
26	7	2010	0.0
26	7	2013	0.0
26	7	2015	0.2
26	8	2013	12.599999999999998
26	8	2015	0.0
26	9	2013	0.0
26	9	2015	0.0
26	10	2012	4.400000000000001
26	10	2013	17.599999999999994
26	10	2015	0.0
26	11	2012	0.0
26	11	2013	0.0
26	11	2015	0.8
26	12	2012	561.8
26	12	2013	0.0
26	12	2015	2.8
27	1	2013	0.0
27	1	2014	3281.7999999999997
27	1	2016	308.79999999999995
27	2	2013	8.4
27	2	2014	2026.8000000000002
27	2	2016	316.8
27	3	2014	1.5999999999999999
27	3	2015	0.0
27	3	2016	0.6000000000000001
27	4	2013	0.0
27	4	2014	0.0
27	4	2015	0.0
27	4	2016	0.0
27	5	2010	0.0
27	5	2013	0.0
27	5	2014	0.0
27	5	2015	13.600000000000001
27	6	2010	11.599999999999998
27	6	2013	0.0
27	6	2014	0.0
27	6	2015	52.400000000000055
27	7	2010	0.0
27	7	2013	11.8
27	7	2015	0.0
27	8	2013	6.000000000000001
27	8	2015	0.0
27	9	2013	0.0
27	9	2015	0.0
27	10	2012	17.399999999999988
27	10	2013	0.0
27	10	2015	0.8
27	11	2012	0.0
27	11	2013	0.0
27	11	2015	16.599999999999994
27	12	2012	155.4
27	12	2013	1.2000000000000002
27	12	2015	6.200000000000002
28	1	2013	4.800000000000001
28	1	2014	1980.2000000000005
28	1	2016	292.79999999999995
28	2	2013	9.199999999999996
28	2	2014	0.0
28	2	2016	286.6
28	3	2014	285.00000000000006
28	3	2015	0.0
28	3	2016	16.999999999999996
28	4	2013	11.800000000000002
28	4	2014	0.0
28	4	2015	0.0
28	4	2016	0.6
28	5	2010	0.0
28	5	2013	27.4
28	5	2014	0.0
28	5	2015	1.2
28	6	2010	0.2
28	6	2013	49.400000000000006
28	6	2014	0.0
28	6	2015	38.000000000000036
28	7	2010	13.599999999999998
28	7	2013	2.6000000000000005
28	7	2015	0.0
28	8	2013	0.0
28	8	2015	0.0
28	9	2013	0.0
28	9	2015	0.6000000000000001
28	10	2012	10.799999999999995
28	10	2013	0.0
28	10	2015	37.40000000000001
28	11	2012	0.0
28	11	2013	0.0
28	11	2015	0.0
28	12	2012	0.0
28	12	2013	10.399999999999993
28	12	2015	46.8
29	1	2013	20.19999999999999
29	1	2014	6089.6
29	1	2016	1.2
29	2	2016	6.000000000000001
29	3	2014	28.6
29	3	2015	2030.7999999999997
29	3	2016	0.0
29	4	2013	0.4
29	4	2014	31.200000000000003
29	4	2015	0.0
29	4	2016	0.0
29	5	2010	0.0
29	5	2013	13.0
29	5	2014	0.0
29	5	2015	0.0
29	6	2010	0.0
29	6	2013	0.2
29	6	2014	0.0
29	6	2015	0.0
29	7	2010	0.0
29	7	2013	0.4
29	7	2015	0.0
29	8	2013	0.0
29	8	2015	0.0
29	9	2013	0.8
29	9	2015	27.199999999999996
29	10	2012	16.599999999999998
29	10	2013	0.0
29	10	2015	18.0
29	11	2012	0.0
29	11	2013	0.0
29	11	2015	0.0
29	12	2012	0.0
29	12	2013	5.200000000000002
29	12	2015	32.39999999999997
30	1	2013	6.4
30	1	2014	729.0
30	1	2016	324.0
30	3	2014	0.0
30	3	2015	640.8000000000006
30	3	2016	0.0
30	4	2013	0.0
30	4	2014	7.200000000000003
30	4	2015	0.0
30	4	2016	0.0
30	5	2010	0.0
30	5	2013	3.6000000000000005
30	5	2014	0.0
30	5	2015	99.20000000000006
30	6	2010	0.0
30	6	2013	0.0
30	6	2014	0.0
30	6	2015	1.6
30	7	2013	0.0
30	7	2015	0.0
30	8	2013	0.8
30	8	2015	0.4
30	9	2013	1.0
30	9	2015	0.2
30	10	2012	8.000000000000005
30	10	2013	0.0
30	10	2015	0.0
30	11	2012	0.8
30	11	2013	0.0
30	11	2015	0.2
30	12	2012	2.8000000000000003
30	12	2013	0.0
30	12	2015	0.2
31	1	2013	236.60000000000002
31	1	2014	482.6
31	1	2016	4.000000000000001
31	3	2014	0.0
31	3	2015	0.0
31	3	2016	46.000000000000014
31	5	2010	1.8
31	5	2013	8.4
31	5	2014	0.0
31	5	2015	65.60000000000007
31	7	2013	8.000000000000002
31	7	2015	5.800000000000001
31	8	2013	0.0
31	8	2015	0.0
31	10	2012	6.200000000000003
31	10	2013	27.19999999999997
31	10	2015	2.6
31	12	2012	122.20000000000002
31	12	2013	1008.6
31	12	2015	0.0
